AN:9 9 7 8 8 4 1 8 9 10 5 10 5 2 10 
NR:2 3 4 5 1 7 8 9 6 11 12 10 14 13 15 
NC:1 6 7 8 9 2 10 11 12 3 13 14 4 15 5 
JR:1 6 10 13 15 
JC:1 2 3 4 5 


AN:1 6 1 6 1 6 1 1 3 3 6 5 10 3 2 
NR:2 3 4 5 1 7 8 9 6 11 12 10 14 13 15 
NC:1 6 7 8 9 2 10 11 12 3 13 14 4 15 5 
JR:1 6 10 13 15 
JC:1 2 3 4 5 


AN:6 6 6 6 10 
NR:2 1 3 4 5 
NC:3 4 1 5 2 
JR:1 3 4 5 0 
JC:0 1 0 2 0 


AN:2 3 8 5 5 3 9 7 3 5 6 3 2 7 10 
NR:2 3 4 5 1 7 8 9 6 11 12 10 14 13 15 
NC:1 6 7 8 9 2 10 11 12 3 13 14 4 15 5 
JR:1 6 10 13 15 
JC:1 2 3 4 5 


AN:8 9 7 6 7 10 
NR:1 3 2 4 5 6 
NC:2 1 4 3 6 5 
JR:1 2 4 5 6 
JC:0 0 1 3 5 


AN:2 4 7 10 9 10 4 4 10 8 7 9 3 7 6 
NR:2 3 4 5 1 7 8 9 6 11 12 10 14 13 15 
NC:1 6 7 8 9 2 10 11 12 3 13 14 4 15 5 
JR:1 6 10 13 15 
JC:1 2 3 4 5 


AN:7 10 9 10 10 8 7 9 7 6 
NR:2 3 1 5 4 7 8 6 9 10 
NC:6 7 5 4 8 1 2 9 10 3 
JR:1 4 6 9 10 
JC:0 4 1 2 3 


