100 98 -2 -39 -39 -24 75 78 -100 48 -71 -42 26 -37 42 -29 7 -74 7 2 -19 -51 -50 47 -14 -45 60 -14 -82 29 -49 0 76 -29 90 26 28 93 53 -62 -9 -79 20 2 -5 47 -19 -24 57 85 -91 -37 65 96 -72 -90 -22 -86 24 -74 51 69 -38 19 28 50 -71 30 48 52 -51 -76 -76 68 13 78 88 5 -99 4 -29 44 -86 17 67 48 -93 -69 -13 -24 -4 -51 -58 90 79 -48 69 -9 -49 92
-81 -85 -97 95 36 63 -10 9 4 -60 -22 -31 -40 -84 47 75 11 75 43 21 -56 43 -26 -50 -8 96 -87 -50 -86 26 23 -58 95 72 9 52 13 -80 8 -87 -60 -49 12 52 -5 -84 59 34 -51 80 42 24 48 -71 -59 -55 25 -82 -31 0 51 -58 20 -68 77 -32 78 97 -27 -52 -89 -32 69 16 -41 42 -74 72 -98 18 58 -97 38 -41 63 18 5 -71 33 -66 2 -11 19 -71 -81 83 -63 69 23 -82
3 -54 -3 74 -9 -90 78 93 65 -80 -42 70 -94 70 81 12 36 25 -29 99 72 19 35 10 -77 32 85 -67 -22 -7 -89 48 93 92 -61 70 57 -53 43 91 -80 70 -43 16 42 57 6 -41 11 -42 61 -82 14 -1 -66 -22 72 -64 27 74 -67 12 -38 -68 -75 -23 -92 76 -28 -2 7 -34 17 71 -19 -58 64 92 -51 -16 67 -85 -20 -4 31 27 -11 44 56 -46 -36 -18 -5 -37 93 97 -66 20 -87 91
-9 39 -9 80 -38 54 -44 56 -91 78 -98 -64 -21 -58 -34 8 33 65 39 -38 53 -22 -26 12 -64 34 -8 -75 -44 -65 52 -59 90 -70 -45 -20 -5 -3 42 24 -88 6 -75 54 88 1 52 -56 -14 -3 26 -48 -88 92 32 87 -83 -79 48 48 -40 -5 -56 22 -29 -28 69 -45 -97 -79 -21 31 72 -77 68 40 47 18 -80 19 -86 -32 6 58 -3 67 -98 88 10 46 -24 88 93 1 -81 3 -36 75 -45 -10
83 -71 -71 -88 10 94 -39 -80 -24 -24 -10 -70 -46 -18 -76 49 -93 82 5 -81 -54 -31 -47 -87 51 -70 89 -81 47 37 71 17 -61 94 -43 5 11 66 49 44 49 -24 -78 -61 61 -99 86 -88 -36 -21 97 -68 52 -84 75 33 -20 -17 -100 17 15 22 -29 -71 -60 0 -59 -70 -8 -52 -81 90 69 -27 92 -78 -97 94 37 -66 -91 91 -47 -100 -97 53 81 82 26 -67 -42 -82 50 -78 71 2 -52 99 46 56
-32 -53 5 28 -92 36 -61 -28 -81 -96 41 41 57 -58 53 2 -95 -99 -6 90 -28 -82 -48 30 -7 53 -28 63 -43 46 23 -74 87 -43 97 -100 22 -84 -90 -71 81 -90 -93 58 -31 -13 30 -35 70 -95 75 60 -99 -81 88 52 73 87 9 -95 -43 -34 -87 100 20 -64 55 100 22 95 19 24 -90 -92 14 37 -85 100 -51 -71 11 -68 39 -81 -69 72 18 -57 -98 23 -86 72 -6 52 -69 -84 29 40 69 -7
-8 -53 54 -81 -28 53 -85 -83 -90 55 87 66 95 -93 29 -68 11 -66 -90 6 14 -29 -63 -62 -100 -31 -19 32 45 76 -30 -34 55 -26 -49 35 -90 65 -31 50 89 -9 14 -78 71 34 -72 -24 6 22 88 24 64 -42 77 -55 71 -52 90 71 89 8 12 74 -21 47 -45 -12 -64 -86 -74 -85 -80 -64 52 76 -40 -29 64 -28 51 35 61 -42 -4 -86 98 -71 84 35 46 19 68 -21 19 -41 98 65 -7 10
35 63 20 -90 -51 -8 54 -85 15 -30 4 -26 -15 -16 89 56 65 -90 71 -62 -92 -85 42 3 -79 -36 -75 15 -75 -31 48 -54 -12 -94 29 20 -71 -27 70 -97 -76 79 64 67 79 -9 63 94 32 15 -48 87 9 -63 2 99 65 -65 54 95 -56 44 -100 94 23 -54 -6 88 54 -15 6 -20 -66 -16 21 53 -18 66 -32 -60 -43 -15 22 94 72 -26 91 -29 -60 23 11 -50 7 -37 -53 -48 -52 78 18 -95
-5 -59 -5 91 4 -70 63 52 -77 -10 31 -36 -76 -20 71 -37 79 64 14 -86 -31 23 28 12 -86 11 -57 -79 77 75 -76 67 -75 80 57 -2 84 -36 -86 75 93 -93 -43 50 17 -72 25 40 82 16 -77 -5 26 -16 25 -55 -57 -7 -61 4 66 -75 -19 -3 -8 -14 81 -19 -55 -60 64 -49 87 -63 26 50 -63 -12 52 57 -62 66 28 55 -72 -66 98 -30 53 -8 24 89 -46 69 68 -42 77 -26 -74 -90
48 -74 -22 -50 -68 -52 47 -98 77 8 76 -1 80 -69 29 98 43 62 49 -58 60 53 99 45 25 -8 1 -36 -5 5 60 -97 30 22 53 62 36 -55 80 15 -84 59 -95 -89 57 51 64 -22 64 47 -87 20 17 52 -6 -64 46 -28 -8 1 -60 26 -31 -60 27 99 -64 -61 72 93 -65 -44 -35 -30 -42 90 -18 81 57 -37 -30 -28 30 -56 49 -42 15 -12 22 -59 -66 -3 -36 -85 -77 90 -75 -77 38 88
-56 94 -4 -55 -95 50 -42 26 34 -37 77 34 -15 19 -64 -39 52 -67 60 92 -5 96 15 53 22 -21 -38 -31 -69 -76 -37 -45 -88 76 32 99 53 57 79 94 66 79 32 95 -67 69 -76 -9 81 -39 98 67 34 -91 -18 -94 9 -57 -61 -18 14 -52 -98 32 79 12 -28 58 35 100 28 46 -14 22 -47 -83 60 -71 -93 42 39 82 92 8 47 -69 51 -51 -58 -33 27 87 55 -10 -67 41 -66 65 -15 12
68 -86 28 31 45 -94 4 -2 87 59 -91 22 -53 -3 -43 -58 99 8 24 86 49 84 -74 33 -39 2 44 -41 92 67 28 -8 -57 -19 -60 95 -51 66 71 -48 -84 -32 75 7 -88 -84 9 -40 -96 2 96 -19 94 -14 36 0 68 67 -19 -40 -16 67 51 48 -10 -81 43 18 -59 -49 -42 77 -44 -22 41 -47 -91 84 -20 3 -65 -54 30 -58 57 73 -30 99 -16 -16 -60 -51 -41 91 90 13 -6 75 65 -25
0 -36 -41 56 87 97 31 81 23 -67 30 -47 -30 18 62 -42 -20 -48 87 26 -8 28 8 52 21 16 -61 -65 83 62 73 -74 31 13 79 -66 13 70 59 72 44 -74 46 92 17 -67 -16 -39 57 -29 56 4 -70 37 -48 -48 80 66 -73 -53 63 31 96 -71 -30 61 -9 39 -73 -19 -9 1 58 57 -86 15 27 -87 -67 -67 81 99 99 -10 -60 -57 -100 -70 -10 -67 -49 -22 12 -31 90 -7 6 -58 -13 85
29 -15 -65 -87 20 20 -91 -49 -35 -4 45 -49 87 -53 25 3 -62 -54 41 90 -42 27 -47 -71 -4 53 -94 23 98 87 -52 31 80 1 -81 47 14 9 47 87 -95 34 87 50 29 -76 -65 -93 97 59 -94 -73 48 4 97 -66 28 19 38 73 -52 -17 -31 53 10 -70 82 -51 -26 -80 10 60 83 89 99 45 -21 -35 -29 -54 12 60 -53 24 -73 -15 63 -39 52 -79 -64 -44 34 -11 38 -43 -7 -78 -92 -7
77 86 -79 -59 -8 73 -1 -34 -64 -39 85 8 -43 28 49 -78 4 -61 -6 43 77 53 -67 -9 29 6 30 -50 46 69 -4 18 -85 1 98 9 2 -66 22 30 32 -32 -77 9 -37 -38 -42 -4 -15 -19 -4 -96 60 -26 22 76 -80 -86 49 -72 -31 -62 97 -54 87 -17 88 -68 86 -78 81 55 13 -17 63 74 -44 -90 -58 -38 44 -98 -70 25 -92 31 -46 -51 -41 -4 -29 -72 68 3 66 -39 3 89 24 -77
-48 -56 -81 -70 22 97 -47 -52 9 -50 96 -75 -34 16 65 -64 -74 -15 22 11 -24 -8 59 95 69 97 19 88 41 -28 -70 12 16 -56 39 86 -13 86 -11 -78 -48 25 26 -91 11 -85 -72 54 -49 46 40 62 -19 -4 -86 100 18 -56 16 -96 72 68 -31 40 58 -58 7 70 30 84 -39 -15 25 60 -26 -9 71 -35 -16 -10 41 28 -79 18 93 85 -9 -86 -85 -4 72 18 25 4 83 27 91 49 -38 -94
-34 21 -78 -59 81 90 -77 -25 -25 80 -16 -2 -23 35 0 -41 77 21 -39 -45 -26 -39 6 93 -66 34 -99 16 -96 -7 93 41 -93 28 -92 -70 89 31 4 -88 2 -19 14 37 98 -87 -34 36 55 71 27 -58 -89 24 -5 -85 44 8 13 73 86 81 59 55 -76 -69 54 -78 42 -5 15 -13 -32 5 79 -12 64 72 30 39 77 -23 -60 -46 25 -28 75 -2 -21 69 7 24 18 -57 -22 33 -58 -35 72 88
-93 -55 -74 20 -27 53 -73 -81 61 -59 26 81 75 83 -72 -47 -58 84 26 2 -40 -29 -27 80 65 -66 -10 -55 -6 7 78 18 -57 -27 92 -9 81 7 93 11 -85 -59 23 12 12 -36 38 21 83 96 72 90 -41 -35 -43 84 -40 -79 -53 89 -65 60 -98 -57 -48 -44 75 -6 10 91 -43 57 14 50 -33 -36 40 -26 50 83 -29 19 71 -79 -38 39 -83 -86 12 -16 63 13 44 -38 88 -83 4 -25 -34 96
-86 -38 27 -19 23 31 2 -32 -19 -48 24 53 -74 -18 78 -62 -68 82 -11 -46 -79 74 3 -61 18 -94 89 -51 87 43 27 -12 9 -45 -36 -30 51 14 15 32 -7 3 39 1 -85 71 -34 4 23 78 69 -19 53 -7 37 61 95 7 -99 56 -100 56 10 -72 96 93 -40 22 -90 15 25 69 -35 -69 80 46 -32 85 -48 -50 43 -63 32 2 33 -9 -80 -83 54 -52 -99 49 3 63 51 -89 -33 -60 -95 30
-57 -8 -92 34 18 -99 -34 -24 23 57 85 91 -82 -50 -99 -58 -46 -96 -64 69 27 -2 -38 19 93 -10 98 -62 37 69 24 9 -97 -37 -59 34 -75 100 -35 -35 -9 36 -19 -69 -55 55 -100 11 -9 92 45 94 -23 71 -36 -52 -88 -54 32 89 41 36 -91 82 19 -98 -82 71 -17 21 30 88 -3 75 64 36 -79 -52 -90 -16 83 -78 -79 -63 86 -80 34 16 -70 -11 -89 91 -40 -89 9 15 86 24 64 55
-95 86 72 -18 -25 54 78 -7 19 93 55 69 92 -63 -7 76 -74 -44 -68 34 -26 36 -67 7 -42 90 -20 15 -6 34 29 23 -37 89 52 21 -82 30 -75 81 87 31 98 -19 60 97 -21 1 -28 77 -100 11 -52 -61 29 43 51 39 -96 -41 -62 -67 87 20 -95 -83 -88 -48 38 -37 -52 77 65 59 -67 -55 -66 -39 -5 6 22 62 64 -90 58 65 72 -32 -21 7 -49 -32 61 34 51 -95 -52 43 -53 -99
30 -85 -1 71 20 -55 -65 -49 -35 -85 -96 91 100 -90 4 -94 20 -67 59 -77 90 -87 67 92 95 26 -9 -21 -72 62 -72 52 41 88 39 -47 21 -47 54 -63 52 88 42 -69 26 38 -34 46 81 -33 -12 -83 53 65 51 56 77 -65 23 -5 -63 -82 -67 -8 12 28 -30 74 5 -28 -4 55 60 22 -78 78 85 44 93 -93 -70 -6 69 -1 -84 -29 66 -69 -42 -65 22 66 33 96 9 25 -32 -66 -88 75
84 -21 32 -13 27 -38 88 -9 -15 -89 24 41 -42 -19 -19 55 -39 -52 -17 -31 -69 69 -93 -76 91 -67 -7 56 -45 -54 26 10 -90 -45 52 97 -89 93 40 7 -8 -50 -85 56 -97 15 -29 3 53 38 6 6 -49 4 81 -27 10 98 81 6 -70 -77 -67 84 -15 2 43 47 31 18 90 -46 -36 4 -61 -86 -40 -67 32 16 64 -16 -92 44 6 -36 48 -79 20 53 38 22 -69 11 1 34 14 -33 17 54
-96 -88 -7 -79 74 -81 78 -98 -74 -93 -28 -5 -54 -86 28 64 -25 -84 40 3 83 37 49 46 1 20 17 24 66 -83 4 10 -75 30 -98 42 -61 0 -17 -69 99 -16 -83 18 34 -69 -88 18 -70 49 -4 50 -13 72 -89 41 -33 -96 4 55 -45 -51 83 -83 -76 -60 -98 50 -83 -81 -56 43 -96 55 -48 -68 -12 39 -50 5 -63 -15 -82 7 -14 51 -93 -90 2 48 36 79 -53 83 93 88 -84 -87 59 -69
37 69 -28 -93 97 -36 -57 -75 -34 57 -83 16 -17 -3 -16 -56 -8 85 20 94 52 -56 61 -47 72 -10 -47 25 55 64 17 53 -10 79 -46 -7 74 86 3 -11 88 63 -21 -87 -52 24 26 85 42 48 -39 -19 -40 2 13 56 41 17 58 5 92 -26 88 23 66 18 47 9 24 80 99 -64 -43 69 -87 -61 89 -98 -66 -91 63 -57 6 -46 75 -75 -21 27 -12 -55 15 57 33 31 98 -68 -64 96 -26 77
-20 69 -100 30 -57 -29 -70 -14 -12 69 73 -12 22 -35 37 79 -80 74 -95 64 25 75 -28 42 71 -59 84 59 -29 -48 -6 91 -87 42 -9 -13 -99 45 -21 42 97 -48 95 70 42 48 75 -29 98 -75 5 -55 19 -5 -86 -93 49 -15 45 -99 35 -79 -86 86 -97 -62 -31 16 70 -86 35 -86 -23 87 -42 -62 63 -99 51 -90 26 -31 68 78 98 11 53 59 -12 -63 90 -2 -11 -47 -20 -42 17 -95 -57 -4
-72 -81 -50 -50 -97 3 -34 -83 -29 47 -36 -53 -52 -3 -62 -12 28 -53 -36 -27 53 -1 44 -34 55 16 -61 34 -92 -52 -33 -97 2 47 -3 44 -52 -65 80 -54 26 82 -80 64 90 -19 -43 -27 5 -32 -24 -62 85 -86 -56 -100 16 32 63 -90 -3 -67 3 -50 29 -64 33 -90 0 -2 -56 -17 47 21 -50 97 84 -55 -4 61 21 53 -7 -33 20 21 100 10 -50 -40 -37 -46 52 68 68 -49 -71 70 -24 -19
-63 -81 2 86 -18 25 4 60 63 -96 -47 -92 4 80 61 -53 49 5 63 55 29 -21 57 31 85 -20 -86 94 37 -87 33 72 18 -75 -33 55 -11 28 -60 74 -75 -39 -97 -55 -81 -40 -25 -83 -56 -80 -72 -87 -80 26 -4 28 -41 92 -11 -90 -12 68 28 61 66 -63 62 58 -28 -82 34 -49 -21 55 90 -83 44 -68 14 10 89 -61 -7 62 -67 -98 72 76 44 23 21 47 56 87 59 66 31 56 -66 -23
12 -24 59 -86 -9 39 -100 -84 25 -98 29 94 -44 10 42 -20 -84 12 42 -33 32 2 34 48 -79 46 -29 -25 -76 -14 68 45 45 -1 36 -87 -63 64 51 -10 80 -82 79 21 50 77 -35 -47 46 0 -35 -34 -91 -49 -68 -87 -76 59 71 -62 84 -74 74 -84 -91 -82 -36 98 12 -15 -24 -88 39 28 97 -1 16 -3 -29 -29 -77 -25 -2 7 -52 -5 -85 -38 79 19 75 -84 -31 69 -7 65 6 -96 23 -69
49 -69 -84 -47 25 62 -87 -48 68 -86 -35 26 -85 68 95 -63 14 -1 85 -9 100 -23 -50 -21 -50 -61 -53 -64 -49 -55 -50 -22 1 -3 -42 32 2 -37 -12 45 51 -66 65 -70 -90 77 47 22 -49 35 55 -21 20 -61 16 -93 41 -100 2 -80 -22 29 35 98 -29 69 -71 20 -18 -43 -75 41 -34 77 42 66 -29 61 -13 45 -93 -47 96 41 -79 -71 64 85 -72 78 -4 -98 -1 10 40 37 17 23 -8 32
-29 8 32 56 -32 -64 -18 31 -28 33 -13 75 71 67 11 54 28 23 -68 71 -24 10 82 89 -24 -51 -59 -63 -23 -23 25 -28 -27 43 -63 -48 21 -36 36 80 -7 44 33 -41 -9 -29 -45 76 -66 27 -79 -71 -84 91 47 -26 -18 0 -87 57 -35 -63 18 -68 43 62 99 -15 -6 -2 63 -15 92 17 85 -20 -32 75 -40 -68 -48 -34 2 -74 -16 -14 -61 29 -17 -97 14 -62 -34 -97 71 -4 -33 -89 -6 91
-68 50 24 38 3 -64 71 20 57 -84 -35 16 22 76 79 -12 -75 -4 74 18 17 -37 25 0 -80 71 63 -29 80 -49 -79 -34 54 -49 -15 -23 70 -51 95 25 41 -64 -24 -94 -90 -26 -64 -69 -7 76 -85 -7 -22 -18 -64 -96 93 -95 -6 57 5 -60 39 30 70 49 63 33 -86 24 57 51 -10 83 80 -68 72 -7 -56 77 22 -90 -63 53 -25 -6 -34 53 24 44 -8 -55 21 -27 -7 81 92 -22 -16 27
-96 -79 -29 -48 -95 -52 -4 -40 -71 43 -76 -38 72 53 -81 69 -23 -68 -63 60 68 -71 32 -78 -87 -87 74 -24 94 44 -33 -26 23 45 -53 -92 -16 -86 -98 -81 -89 -68 -73 -99 -36 -94 52 75 -12 -27 -51 79 -88 -30 97 82 -96 10 -36 -57 7 -95 79 40 80 23 -63 -55 10 -97 86 -41 78 -24 5 63 -67 21 76 -79 -57 2 -52 -61 -73 12 35 -80 62 -83 -11 -66 81 -74 -42 -75 -13 12 16 84
-60 -41 61 22 -82 -71 28 93 64 -58 13 -32 15 -51 95 39 -66 -74 69 51 -9 -12 45 -3 -46 -94 74 59 25 -15 78 17 46 27 -63 59 8 -48 6 41 89 -56 -44 34 30 25 67 57 -80 95 -85 44 -70 55 4 -79 90 -91 94 20 -25 -19 8 -3 -80 43 2 -7 15 55 19 -48 -58 32 60 97 34 99 -21 45 -20 -42 -99 68 51 -15 94 -10 -46 98 42 16 -33 -19 98 -30 -61 80 -93 -30
70 -19 53 70 -42 63 97 82 -97 91 -42 99 28 51 40 -22 -9 -10 75 -27 -13 -22 70 -71 98 81 82 -7 -32 64 -72 -61 44 95 37 23 -12 -88 69 38 -65 -46 -14 -32 -21 83 6 38 27 -85 -87 -100 -66 3 -26 -96 -35 -18 87 -57 -97 63 12 -38 48 -90 -22 96 -91 21 85 60 -11 19 37 -13 -69 -34 -58 -10 -70 -22 -62 82 4 -14 -38 88 100 47 20 77 -85 0 71 44 56 -90 -65 -50
-72 61 94 51 -92 -73 98 -21 -44 -39 -60 -88 -97 -33 43 28 -12 34 22 98 18 -42 37 59 -96 9 60 34 -78 47 -59 -19 87 45 17 -52 14 74 41 -26 -68 -70 -18 -62 10 -97 93 -46 33 -47 96 90 -80 100 79 24 -87 36 -91 30 -31 -51 -41 64 -7 100 -79 97 -41 93 -84 -10 85 83 -32 46 -26 83 83 6 -5 47 77 -8 -77 -84 -68 16 -8 82 -64 -96 -67 -32 -61 -30 -3 -62 -90 99
82 -96 -94 -83 -66 -4 75 77 54 -69 -45 -98 -95 -43 20 -86 -13 34 52 -51 -72 50 57 -97 -76 -91 53 -95 -97 -77 -44 -99 -23 -18 4 93 71 96 70 -9 77 -89 -44 14 -11 -58 -47 98 -26 -12 -1 44 27 44 79 60 21 42 9 -92 -11 -23 -90 41 -8 -34 -66 39 -57 7 -7 69 2 -36 -32 -38 16 8 39 -83 -32 -37 38 58 -30 4 75 -73 -56 66 -96 -20 -35 75 -44 98 47 -46 -10 18
-47 96 -41 9 -28 67 -17 85 -86 -37 -58 0 -92 100 72 90 -20 -11 -2 86 96 -84 -67 23 50 2 11 -35 10 11 -62 45 -29 -91 -10 96 38 93 26 26 77 -94 -17 12 17 72 92 85 55 74 -25 64 -64 -33 53 60 67 61 88 38 -73 -30 1 92 -97 25 17 8 -24 72 45 34 -17 97 42 -58 41 -8 -65 -92 -52 -16 9 52 -57 -26 -90 -60 -50 24 65 -92 -37 94 -69 71 -3 -82 -1 88
-18 16 -24 60 50 -7 -6 -94 66 -53 -79 -77 58 65 -43 80 68 97 -61 -46 -13 64 6 72 -6 10 -43 59 -36 78 -66 -18 77 69 -32 71 -31 34 46 -34 -42 100 39 12 71 66 92 -23 35 -6 70 44 55 72 -78 86 6 6 30 -22 -79 7 18 -41 -95 -79 99 56 43 -52 91 3 2 69 -97 84 4 -97 -77 -1 -45 -32 -38 46 100 40 -57 -59 12 -77 -33 98 -74 17 -64 40 43 36 47 71
-41 -10 -22 -23 47 -63 34 -50 65 -80 -26 -6 -49 2 18 4 -79 81 -99 28 -52 -57 -95 18 -53 -84 11 1 -43 -18 12 -39 96 70 8 -31 67 -42 54 3 -54 34 -4 -57 83 27 9 26 -94 32 77 -27 63 99 -61 -64 -72 -95 61 -18 -83 -35 15 -23 45 -31 57 -45 -86 19 -22 -29 -7 20 -33 -89 -2 39 88 44 -44 -47 -48 -72 97 98 -87 95 -16 8 -21 68 -36 -6 91 -64 19 -36 48 89
27 -23 3 -56 40 67 -66 3 60 85 91 28 41 7 -96 85 -79 78 -81 -73 7 -80 70 -91 -90 -47 38 27 97 -26 -4 40 -25 -93 -68 97 1 -60 6 62 64 -49 91 11 39 47 -90 -38 57 79 15 3 31 83 15 -19 -36 -2 58 -14 94 17 72 -79 -76 70 38 -1 -1 49 -24 -17 18 67 -57 50 76 36 91 42 -3 -59 -47 -67 98 -9 -85 -33 -77 -37 -8 25 19 -43 -1 -50 76 -38 -9 -42
-40 59 -94 -70 28 -5 83 48 -31 8 84 -28 -84 -53 -18 -81 -57 -45 -65 63 45 -30 90 -49 -74 -63 77 -85 -19 -94 48 -48 -37 76 -49 12 -8 -15 -4 -58 -22 86 -18 58 97 26 60 12 -6 98 -83 93 -1 -52 83 21 96 74 -28 -61 -58 54 31 -63 45 39 3 89 -24 29 -35 50 -67 81 -47 9 13 76 62 -94 59 29 -8 15 59 -86 -28 41 -35 -14 -81 45 -66 83 92 -41 -23 3 92 13
80 -26 -55 -16 20 21 35 18 20 -90 41 -42 44 -68 53 -85 -44 55 98 -8 -93 67 -5 56 -87 34 57 -74 92 -88 49 52 69 -59 9 57 -23 100 62 29 -77 -61 -42 -46 59 82 -41 -44 19 24 -17 100 -15 -49 -80 34 16 -66 -87 42 -89 -26 57 14 30 -25 -37 -15 -24 10 -43 -64 -13 80 -52 -72 61 2 -86 100 -5 68 -5 88 -25 46 -35 8 15 -94 46 -48 -91 67 99 -23 6 -70 -15 -67
82 52 -66 -11 16 -80 84 -71 37 -74 15 79 -78 -24 61 -1 86 -52 -94 -1 -42 51 -78 -86 -47 -37 -28 23 -79 35 -69 34 83 -98 12 -43 -40 -20 12 39 45 -7 49 1 56 87 -16 68 -45 75 -10 -61 99 -34 -15 -58 -1 -87 19 -100 -34 2 -25 30 -90 -93 96 91 -52 62 66 -92 7 -22 26 37 -57 12 5 -60 34 99 -15 84 -85 -39 33 0 -6 96 99 -77 50 32 -23 -23 21 -57 -58 -82
32 -1 -63 28 -83 -66 72 -72 84 95 -47 42 -88 -53 -71 -45 47 61 14 34 43 17 -47 -71 59 88 79 -63 46 86 -91 48 61 -63 -55 39 96 77 66 -60 -21 53 -78 47 90 66 48 48 80 7 -20 -48 -63 -7 -64 -24 24 -51 30 -68 -93 -37 -96 13 100 -75 -80 -8 -8 83 -22 -92 -100 -52 5 -96 -90 -46 -34 -96 5 -78 -39 -76 75 59 -22 22 -71 -23 41 43 -12 74 -5 -91 -60 73 -11 -45
-64 78 -65 16 16 -49 37 11 -3 10 -11 -84 30 -82 37 98 70 77 82 30 -70 -93 -72 -50 43 -90 40 -39 81 40 -72 67 77 -67 3 32 63 13 -38 68 53 -78 -7 100 -100 1 -86 19 93 90 43 -8 21 -36 -19 -67 48 26 76 4 46 -91 64 75 -61 -66 42 47 -18 41 1 -50 -86 79 -25 58 41 68 -72 -58 58 38 20 -38 59 -27 -77 46 14 87 13 79 -50 -42 93 -43 17 66 -1 41
-57 -76 76 79 5 -76 -6 92 8 -33 94 -68 66 80 -56 -30 -87 41 -44 -80 -74 -82 72 85 -49 -36 -22 99 -1 -62 -19 -89 -64 11 16 -36 90 -17 -11 -21 -36 -85 27 -30 20 -73 75 -70 -66 -35 -86 -33 82 -55 44 46 75 -13 -6 -96 52 93 35 -31 0 -32 3 24 63 84 11 68 -23 74 -66 -21 42 26 -48 84 99 60 -24 -48 -9 60 -99 42 98 98 75 -74 60 -36 -91 -80 70 -37 7 73
-77 25 -99 -21 46 -83 -63 22 -80 91 -30 33 80 -99 11 46 -79 10 48 26 -45 42 96 -69 65 -13 -33 66 -8 -53 27 64 -95 -37 -67 94 -49 6 -11 24 -1 42 -28 22 -76 -6 -49 -9 -13 -15 27 -94 49 73 3 -31 64 27 17 -84 -6 50 -32 -52 1 3 35 83 -98 2 -99 -7 98 30 -82 -50 94 -13 35 11 -75 61 -36 -44 -31 -31 74 -65 -38 -57 -36 -68 -25 86 -58 16 13 -46 61 -60
-83 75 -34 85 52 83 -22 91 -68 -71 22 58 -77 -27 56 36 -17 -41 86 -32 -30 72 -19 58 2 -23 66 -54 -23 -17 -28 -40 22 21 -51 -45 -33 -62 -60 -3 82 -76 -51 100 35 58 -48 16 53 89 -67 -35 4 -52 42 99 89 16 -51 56 -78 22 -15 83 71 59 -63 85 -100 -60 -76 86 -97 -13 42 -78 -25 44 -66 -49 -73 82 37 45 -99 -90 93 -17 67 90 -90 -5 97 89 -39 63 50 69 -88 14
-54 53 26 -26 -20 -54 -73 26 55 95 -82 -51 -88 70 36 -91 49 35 -13 96 69 -21 26 52 -23 -37 -80 -14 -90 12 79 59 40 -75 88 70 10 48 57 -56 28 10 -88 28 -2 55 -37 -32 -90 -38 68 70 -94 3 76 65 27 57 -87 14 6 83 11 -17 -41 82 -38 50 32 -8 37 54 20 -15 14 -30 -40 -65 72 41 88 36 -7 89 22 49 -6 56 73 -47 64 -28 -61 44 62 57 92 -29 84 -30
-84 35 100 39 -13 38 75 2 -4 58 24 91 70 31 -99 -11 -18 35 45 -85 -36 -63 53 24 -86 61 14 -77 -31 75 -86 75 73 -28 70 12 29 -88 -16 -95 26 42 70 24 37 -98 30 36 -10 87 -33 -30 67 37 -45 17 -85 68 -10 -91 -57 -80 -28 -39 -86 70 79 48 47 79 -39 -60 53 -2 69 -48 -24 -20 -24 50 53 -87 -12 82 100 38 -42 40 88 -3 23 51 65 60 64 -63 -27 -79 -65 30
99 -75 -82 24 60 69 -1 -31 93 61 12 20 41 60 5 31 -4 9 45 14 89 -14 60 3 63 -7 96 -40 58 64 -87 47 -18 -85 95 -95 52 -5 -62 25 -73 17 95 -53 -31 -29 92 33 -2 97 55 72 -74 -62 -77 -87 -46 42 50 -39 36 -30 -6 64 37 67 -84 91 -80 -96 -67 50 -75 73 -53 65 -13 -73 95 17 -75 -68 34 26 95 67 35 -28 79 98 -59 14 -45 -26 -28 -26 29 -80 -41 32
32 -96 5 57 48 -14 56 83 -17 16 8 -56 -5 85 19 -66 -90 18 57 -2 97 -45 69 52 -11 36 29 -23 -69 34 46 69 4 -61 -69 100 -95 32 69 74 93 9 -78 -8 10 -18 -83 -52 62 76 -50 -35 11 -45 -35 -78 71 97 -43 63 -50 -10 61 -36 -50 -61 -47 61 -78 61 32 -32 -16 34 51 -5 -19 19 -84 45 -74 46 -55 38 77 67 -31 67 -41 -91 -88 -53 91 85 13 -93 65 21 -20 25
34 15 -61 49 42 -45 -34 -81 -78 -80 39 -45 24 43 -25 -8 -67 54 33 55 -37 -14 -70 64 16 89 -29 63 64 59 36 -53 -13 -53 83 -17 11 -72 -61 -75 -84 18 65 -74 95 -18 20 37 29 36 87 -23 20 -64 -81 -55 -9 -69 -93 99 -75 -93 -87 -85 26 12 -17 -26 -46 21 33 96 -98 14 -69 87 -28 -98 66 47 4 58 82 -55 -56 -8 48 21 -49 -37 -36 31 -58 -40 -3 -45 -90 -67 0 89
-4 51 73 53 -33 -76 -25 37 99 -88 -99 -76 -4 86 79 -74 75 61 -54 6 -38 -100 -70 -97 41 -3 34 -31 6 17 -33 66 25 71 -1 35 57 61 25 33 14 0 -87 36 -88 61 -9 37 -69 -88 49 -25 45 -41 -64 -3 -30 -52 79 -34 -21 94 -93 87 -6 -9 -72 -13 71 38 -90 89 67 -55 -76 -6 -66 -79 -11 67 10 -73 -58 -28 2 -88 69 1 -52 -1 85 85 -60 43 47 -87 -29 -48 65 -57
-63 -97 -50 -37 -25 19 44 62 21 11 53 45 0 -31 31 -49 -91 66 72 19 -41 -38 -64 -38 -42 -94 80 -79 -80 43 3 22 48 -53 74 -23 -28 -50 48 25 -5 58 49 32 -25 -7 30 4 87 -55 -38 86 33 -41 -34 5 -34 71 9 -55 2 -5 2 -33 -86 -10 -11 94 37 -79 87 41 -99 80 -80 -78 -62 -40 -82 47 -54 46 58 92 -90 -13 -86 72 1 30 -21 60 33 88 18 -93 25 -11 -53 3
-5 -80 11 50 -94 -24 32 -92 -77 -60 -81 -100 91 -80 39 -91 24 70 -85 78 85 -100 57 12 96 5 23 16 -51 77 -46 -63 -6 10 44 -61 73 15 73 -31 23 -37 97 3 90 -1 6 0 -86 44 -32 -59 -33 35 2 30 -82 83 53 75 72 -4 81 26 -100 49 9 50 5 97 -91 -30 39 62 95 -25 94 48 77 -9 -21 -84 56 60 -82 -24 -100 13 39 -27 62 97 -54 -62 18 40 -81 -11 -7 74
-73 37 25 52 72 -84 -72 -14 26 46 9 76 -4 95 4 85 -38 -41 14 3 73 -2 -19 -35 -1 85 -98 -6 54 -54 -92 48 -77 -55 -67 -12 76 -83 -52 98 -41 -76 -12 77 -67 29 68 25 -89 -82 -20 79 42 66 -17 -69 68 56 46 83 -65 -76 -13 28 20 -34 22 63 95 -81 50 -12 -39 2 -75 -48 50 -47 -8 -17 -30 -85 34 42 62 -69 91 -50 -83 -93 69 80 87 31 14 -88 -47 75 97 31
-50 -1 -18 -76 74 93 3 -43 -36 -10 -91 -57 97 47 5 -3 68 4 -62 52 48 76 -5 -4 22 21 53 69 33 79 -44 4 -55 23 97 13 91 -86 47 -85 49 -21 -46 8 -58 37 70 -36 6 62 -87 34 -2 -61 -34 70 85 -21 -65 -4 26 92 56 -25 61 22 9 13 -82 19 -80 62 -1 -1 -8 -42 30 6 66 76 -1 85 -81 7 -80 86 83 31 13 -76 -33 76 43 86 -73 -46 -99 55 -44 -45
-31 76 52 98 71 -41 -41 -75 -3 -49 73 41 96 -25 -90 -34 -66 91 11 97 62 69 -32 -93 66 4 -99 50 39 -56 49 53 3 -8 -79 22 -85 -47 74 -97 30 59 35 -14 16 -19 -37 -46 -27 -53 -50 31 -42 53 -14 -82 27 46 7 -8 -57 -15 -27 -49 42 -100 -13 -43 0 73 -41 49 97 47 69 44 -15 74 -8 49 73 -83 -11 47 44 35 47 91 97 54 -88 7 -90 -21 54 -96 -35 93 86 -65
-36 -29 59 86 49 79 22 97 -57 -11 -18 17 83 92 79 60 34 31 -13 35 -89 -61 -3 11 -21 -90 13 91 1 -14 73 38 96 -15 -100 -36 -62 -19 -99 16 66 -46 25 -37 70 91 -83 -74 86 15 -31 11 0 -53 13 -37 10 -89 35 11 12 -45 40 -22 100 -83 45 84 49 -66 21 -32 -2 55 -26 11 -58 -53 -100 -9 84 -13 36 23 -73 -43 -55 -3 5 -23 -21 97 -10 82 84 -94 -35 88 -58 7
-28 41 -92 -15 -35 -83 -25 57 -51 24 72 21 24 3 96 96 39 96 -9 88 -82 -49 -6 -71 77 68 66 6 -52 -16 -28 13 21 -80 -41 -76 -16 -87 22 67 33 -49 47 9 66 35 59 -83 -47 -70 -17 -57 -78 48 -52 -28 -39 74 82 42 -97 -90 -15 0 83 -22 51 8 18 -90 42 54 59 -79 -58 -94 0 31 64 4 91 27 76 54 -64 -2 4 -51 22 13 -73 92 87 -54 65 -46 55 -88 -77 -58
-49 -69 -54 66 -67 -55 76 -8 20 -47 -2 -63 85 -61 -93 -19 18 -29 33 84 80 -52 -3 -53 48 -74 -90 -56 64 -79 46 93 67 -65 97 -60 0 -40 -12 -48 27 -1 72 -20 66 -94 96 66 -79 100 8 -23 89 92 57 94 -55 32 -94 -21 -11 -20 81 7 10 -67 37 -61 -21 75 56 30 50 -92 55 -70 -8 -23 -65 86 65 -35 39 56 51 -23 52 65 -23 48 -25 -85 7 -67 32 39 -44 26 -85 -10
-93 -18 4 -22 94 -24 -79 -96 67 -16 3 -78 -86 -65 3 -3 61 -79 -85 -96 -31 87 -1 31 91 17 -28 -10 38 -2 33 83 49 80 15 88 10 -7 26 -49 97 -30 -30 44 -13 78 96 -47 -79 87 -68 8 -30 -6 -17 -18 64 -1 -57 -45 -64 -88 51 53 -48 -10 -51 55 93 -78 76 95 94 -65 -2 61 24 93 77 14 70 -59 8 -83 18 24 -49 -55 76 17 -6 10 17 66 4 95 44 51 -81 63
46 -13 11 -59 -63 -8 40 78 54 -95 38 95 82 -52 -1 -84 57 23 -59 44 -73 -2 85 -10 5 -75 -36 79 2 80 25 -27 -44 -52 -64 31 -86 50 -3 -30 -65 77 93 99 98 2 -74 -30 29 17 -86 -45 97 -83 -22 1 -24 -63 -96 -2 58 -12 73 -40 16 -6 3 77 -62 -61 -28 -52 0 -48 44 27 -79 100 76 66 0 -10 16 58 50 57 -5 71 -90 -60 65 -66 -27 -7 65 95 -23 -53 50 -24
89 6 -12 -41 82 -64 -5 57 25 4 26 36 -96 85 -72 25 -84 12 96 -88 57 77 -7 -9 -38 -33 -11 -5 34 -76 -74 83 74 -91 -7 23 90 -76 -72 77 -82 54 68 86 59 83 13 37 50 25 -31 -30 -86 -53 -76 -23 33 2 -6 65 52 -45 35 -34 -74 42 -91 25 83 -48 42 27 -1 -85 -79 58 70 12 -45 26 -19 89 55 83 13 -64 31 66 -13 -61 -4 -2 -57 -25 31 71 47 20 -72 -95
11 67 96 30 -78 2 -98 -8 21 89 -95 -67 -32 -51 -38 -95 -4 -21 -48 36 98 41 -82 -1 99 -25 -60 68 -46 -34 17 -76 -45 22 -76 -27 -69 -5 64 54 68 73 67 -97 69 -80 99 -40 -37 -42 -50 90 -6 -3 -70 30 -58 -35 -16 18 95 -76 45 54 94 40 97 2 -12 36 41 -33 -89 -77 -44 -62 31 -94 85 -5 -38 59 4 -56 84 30 -35 -44 -44 -50 23 -67 -35 13 81 -43 48 9 -100 -60
-59 -23 -2 -20 -12 -46 -58 -93 58 -64 7 31 -33 -55 70 -86 -57 -98 73 -75 85 -29 70 -34 -11 -100 -85 33 -76 23 67 74 1 47 -92 -39 -34 38 20 -61 -34 34 20 -40 -52 43 9 58 -40 -97 -72 63 -1 39 99 84 -47 -21 -96 70 66 49 -20 3 10 -84 -69 -52 -96 67 -44 -77 97 -40 36 -10 65 6 -72 34 93 -88 -36 25 81 -19 -27 -39 -54 -32 39 -56 85 -78 12 57 30 -10 76 64
84 -44 -42 45 49 -35 55 -2 -53 66 5 16 -7 -8 -50 -71 -13 -69 -92 -36 78 64 -31 62 -2 73 -99 58 -42 15 5 41 29 63 -41 -62 42 69 -37 -29 8 22 -91 -19 -98 85 46 67 -72 -98 -82 -35 -40 65 45 -36 -74 73 -61 -82 76 97 -34 79 -11 -84 -24 76 98 -40 -42 67 55 -90 -45 70 13 6 -97 -39 76 60 85 -4 -2 -17 -34 35 -44 -36 0 81 84 10 19 -98 18 -86 100 73
5 64 -26 79 -40 -24 63 -9 -2 -1 -48 25 61 72 -15 73 35 -64 58 -82 82 -80 -86 36 69 70 66 -53 11 -28 -9 -12 -30 -46 -81 -65 100 64 -48 -94 43 -20 -71 22 39 -70 -79 67 79 81 98 -52 55 -74 -53 -1 43 21 34 -66 -93 40 84 -69 20 -38 94 -97 52 -36 -26 53 43 -93 -86 -68 29 71 -50 -63 31 8 -3 74 75 -67 -46 -3 17 -88 -37 64 -69 62 -28 -52 -56 -99 -9 2
-76 44 90 -60 27 2 -43 63 -32 -17 89 24 71 -13 -48 17 -71 -11 56 -76 -89 -40 93 1 -51 86 -27 -96 -88 29 -37 -77 -85 -3 -90 -37 85 95 21 -27 -80 -42 94 -60 89 26 -8 -8 38 70 21 -82 58 97 73 -67 -49 95 38 80 19 87 9 61 -63 -25 -96 24 -28 -85 -100 95 87 -94 56 40 15 16 36 94 -49 35 87 27 -72 65 31 15 0 16 -43 -90 87 -46 -7 50 61 -18 -50 12
-69 -50 -15 -58 -33 -97 -68 -100 -45 11 -3 73 49 26 -29 35 6 16 36 32 9 -24 -94 -65 -14 -30 -33 -61 -55 -22 -87 -10 -62 -18 62 90 -9 -31 -49 72 -1 60 -6 -49 -96 33 14 -61 42 -95 -82 27 8 -19 -76 -85 -38 49 42 -84 -88 78 0 82 -42 -36 -29 -19 -31 66 3 87 -11 -84 82 70 -46 -1 71 -84 17 -60 10 18 -21 55 -58 -98 -81 92 19 -46 96 -77 79 63 18 32 -48 0
-67 95 0 76 4 61 24 80 -6 -25 -86 -53 70 37 77 -62 30 21 36 -7 -85 12 -62 50 0 4 16 -45 2 -87 -24 -69 -39 -57 -6 100 17 61 84 -37 -28 22 12 -27 85 -44 -6 -45 90 47 -66 -87 -43 -56 -78 -9 -62 86 -31 99 59 40 55 78 86 -48 -9 -98 -58 98 15 -6 -45 37 -26 -9 -76 29 -28 -98 25 4 -89 -34 -86 95 -33 -60 -12 -4 -70 63 -92 -62 -43 -30 -29 39 -95 95
-71 -5 -98 -38 -50 25 -51 82 87 32 -56 18 83 -76 -67 -74 -91 28 40 23 56 -61 69 45 -70 -88 18 -94 -45 56 -44 96 -31 -99 -97 -61 92 24 -51 4 -63 18 -18 -78 -5 -56 47 -50 34 -58 93 11 20 58 -11 -8 -43 -8 -43 -73 -52 -68 -70 83 85 5 -16 45 8 9 -61 73 -73 88 -12 19 -25 -43 26 -46 -77 19 0 22 -80 -66 -16 -20 -99 -92 -94 8 9 46 38 43 5 88 0 -55
71 18 -50 15 -78 -20 72 -51 19 -19 -95 99 -62 8 35 -73 63 -25 91 87 -95 -96 -36 -46 11 95 -68 -67 56 -39 -18 39 -56 -73 -82 -5 -4 5 -41 -23 33 -8 -94 2 69 69 10 27 10 -11 67 22 -92 97 -97 81 -43 57 55 52 -87 78 -62 -52 -93 -1 38 85 -39 -12 -76 -60 -73 18 83 -43 -8 24 -3 43 85 40 58 -3 -68 -66 -18 1 62 -16 -62 -5 97 -68 29 94 -60 -70 58 27
40 -75 6 76 15 74 -37 -37 17 0 67 -18 29 86 86 73 53 89 36 -30 61 74 75 -41 31 76 7 -10 -51 -92 -45 97 26 98 11 -58 10 -85 48 -88 11 -6 -89 -12 -72 -50 -69 -22 40 -55 54 -19 53 -37 65 -29 73 -35 17 -93 91 -58 -67 -13 -96 93 -99 -86 -19 25 -86 91 -51 -76 -61 57 -84 64 -99 88 -44 21 33 45 62 86 94 -90 -11 -1 3 49 -25 -72 -17 50 24 -87 90 78
-98 54 37 55 -74 -76 96 -96 -48 83 -75 -6 -95 -86 52 80 65 -59 33 83 94 5 -43 -12 -43 -85 -29 -9 59 53 31 61 99 58 -70 74 58 6 29 49 60 8 51 83 21 98 -24 37 -54 94 8 -75 -25 -11 13 70 18 -57 -87 40 -8 -72 97 -19 6 83 -3 77 -1 75 53 -65 63 41 88 -14 -78 90 12 -30 -47 30 -1 3 45 -18 -44 63 53 22 8 -50 -68 33 69 -75 -7 -86 87 61
96 -1 -24 -50 -96 73 85 -53 24 -55 -99 -65 -16 50 -100 58 51 -28 80 44 13 -71 70 7 41 -4 28 92 -4 -45 -36 34 -95 -1 -50 56 83 78 79 -27 91 11 29 0 -41 -37 57 43 -97 28 24 61 -65 62 -55 -90 97 -74 -9 -21 -4 -60 70 74 -63 -49 35 -28 31 -11 70 81 67 69 70 -40 29 99 97 51 -21 -52 -44 71 31 -1 -77 87 -90 19 67 -72 25 3 45 34 -73 -9 89 92
-58 74 39 -33 1 54 -52 -68 21 80 -93 -11 -37 -90 41 77 36 42 -32 -76 -16 63 -52 64 55 -39 54 -41 91 -91 4 11 -5 30 -94 55 32 40 79 73 7 -54 58 56 48 -14 80 10 95 60 86 -22 -96 -6 -70 -79 30 -5 -9 -33 -69 -33 -23 -92 22 -78 -8 26 46 -71 -7 -87 52 60 33 -79 13 -89 -4 9 99 78 12 7 43 98 15 77 -8 -15 -49 -50 9 -5 52 36 -84 49 100 -51
-29 77 45 -28 -42 71 46 -96 -87 -25 4 -22 58 -91 10 97 0 29 44 -58 66 18 7 -32 -7 -62 40 -64 3 81 -80 -15 85 -11 -79 -99 81 -75 16 -59 -33 -90 64 -1 66 35 66 13 -73 79 -13 3 -45 -94 -50 35 -14 -92 8 97 4 -32 15 -56 -86 -6 -4 7 -47 -17 -79 2 -85 -66 80 -15 -3 -27 -75 9 21 50 -85 -82 -18 -84 58 -86 -16 78 -89 -65 74 -14 -64 -86 25 15 50 25
-78 61 58 -31 24 -29 72 1 -76 7 67 -3 35 -36 69 -81 61 7 97 93 -98 9 34 30 -86 35 -4 -8 -58 20 38 -42 -98 17 5 81 -31 47 85 -43 69 -55 86 52 25 -84 63 -10 -86 53 36 -74 98 96 39 18 24 50 72 32 51 26 73 8 -75 47 -98 -3 -13 24 47 -58 -6 4 47 79 3 52 2 35 -75 83 65 73 -86 -54 -23 -92 71 -58 38 -16 -16 -56 -27 95 46 -15 -18 -14
-70 -54 87 70 64 81 90 -33 -55 70 -46 96 39 -66 84 -74 6 -87 9 -68 38 14 71 -67 99 4 -8 -86 -1 -68 -31 90 64 11 -96 -29 12 -28 7 7 21 76 94 -62 -50 7 -68 50 -45 72 24 -94 69 24 -6 34 -97 -40 -95 32 5 4 83 54 -54 100 -97 -100 -50 -18 -25 26 77 45 65 98 67 17 -81 -51 100 83 -32 88 75 100 -100 -5 6 85 -50 75 84 48 -42 76 13 -18 99 -20
-79 54 96 41 -61 -17 -91 69 -72 -35 -70 -45 56 -57 -66 35 85 -33 -62 -19 76 -35 -44 41 -2 20 -40 65 100 -26 -68 -89 -19 10 44 79 28 -2 -69 -74 14 -72 -8 82 -57 49 35 -64 36 5 -56 -17 53 -40 -94 48 -67 -76 -6 52 -98 -31 100 -73 -59 91 -78 17 94 -93 96 39 -46 87 -8 -84 61 19 56 16 54 18 26 -82 61 36 45 -86 -8 -96 91 -96 -72 81 -37 41 -70 -77 -51 -11
39 -17 -8 52 26 -93 87 -49 94 29 52 63 48 42 66 -86 -5 -16 70 -75 -6 -47 9 66 63 -97 4 -18 16 -43 -78 -37 -70 -66 -5 53 66 -88 45 39 94 -47 -73 79 -20 -45 51 -56 -33 -23 21 -73 -60 -14 51 -53 9 -21 -91 -72 50 -45 -13 -94 10 -14 -93 -29 35 -36 64 -30 16 -29 -68 -53 97 6 -26 84 -1 73 25 -63 -62 -23 -71 -80 -11 45 -49 2 -56 -23 -17 32 -89 54 -26 -28
100 -80 -48 -17 -51 83 -51 -86 -84 95 -59 -28 4 1 12 28 -80 97 -90 -8 50 53 -71 40 7 60 29 50 -80 42 67 18 68 -95 91 14 89 69 -81 -37 27 98 13 -40 -53 76 49 91 58 -18 17 44 4 -20 -98 -28 43 34 -11 55 -39 -92 58 55 76 -39 -3 67 93 -73 38 -11 -7 10 -46 39 86 -13 1 -32 -35 15 23 80 73 3 -77 -4 -42 -82 -45 -13 -99 -3 -23 0 47 -49 -76 49
-85 -82 61 -38 -94 50 -42 -83 -46 99 73 25 -73 70 50 -75 -68 8 -61 86 68 -49 -52 -58 22 91 94 36 -11 39 -74 -76 63 93 90 79 -89 80 -3 32 36 79 -50 38 -70 57 57 -55 50 99 49 -54 -15 -96 -64 -54 49 -93 -32 -66 37 -4 62 -92 68 73 -29 81 84 29 -16 73 -44 -25 29 -91 -40 -35 -95 80 -40 32 -47 57 -51 -88 -29 -23 -19 -77 96 94 -27 69 75 -39 57 2 -13 -6
-45 54 -100 -72 -64 77 58 83 40 21 -39 2 97 -45 75 94 -90 39 57 28 -73 -92 -45 -56 -43 55 14 88 -56 50 -91 18 -3 -34 -52 2 23 -62 -42 47 -54 -55 31 73 -75 94 45 17 49 -47 -15 -40 -37 51 47 81 91 50 -92 23 15 83 -94 -92 -62 -34 50 -70 34 65 -76 71 57 100 69 -16 -42 23 -23 -68 10 94 -40 -79 23 -96 54 -84 92 41 49 -19 -45 52 79 -35 30 51 20 -10
-43 64 -42 30 -45 -34 33 88 -6 56 -63 97 -93 -96 -56 -94 -47 -95 68 98 -55 14 70 -29 74 -14 11 49 15 23 -34 -72 -90 17 -54 -92 65 -91 -69 -5 25 34 -79 -13 27 -42 -2 69 -29 100 -47 -37 86 -66 -72 -85 -88 54 -50 -82 89 -34 34 -99 -45 80 -31 96 -63 -21 -33 -84 73 62 -32 92 78 -9 98 85 -43 18 80 -55 68 76 4 40 71 -53 17 86 20 85 -4 30 46 -23 -38 -42
-83 -51 82 -84 76 16 61 -30 -52 60 -87 -61 -64 -4 95 15 -47 49 -78 -6 75 85 25 44 85 -97 -56 26 -10 2 -97 64 -95 -90 -52 -51 20 35 2 -13 96 76 30 -84 -55 -49 -52 100 -62 42 62 -86 76 42 -4 -87 -97 17 99 -70 -38 -16 29 40 30 -56 -4 -89 7 -78 54 52 77 23 -43 20 17 2 4 63 15 83 -68 78 94 98 49 9 -98 0 73 -45 38 37 -38 95 80 -22 -69 97
-67 -8 46 70 -52 -72 26 66 73 61 77 48 71 -97 -57 -35 37 46 -24 -20 33 52 -96 14 55 43 15 -54 46 63 70 -11 -75 -75 79 87 76 48 -83 -69 -33 -23 -92 73 81 -45 28 -95 -8 -86 -49 -19 97 -90 -59 69 -77 -64 98 69 -74 29 -4 57 50 79 -19 -13 -86 -42 53 51 61 33 -92 55 -90 54 -87 -38 -66 5 -5 48 12 -4 -69 -83 44 -72 20 60 82 45 6 -27 -99 -17 -71 -74
-53 -59 34 -69 3 77 -85 -51 21 -48 -30 94 -32 19 54 77 -21 45 -59 78 23 98 85 -55 -35 -52 16 79 26 -66 -6 78 -33 92 42 -56 6 14 15 0 -99 47 79 -80 62 -42 -83 20 90 -67 -45 92 -10 58 47 12 27 -79 3 22 -45 61 -94 -99 -44 31 -65 25 -17 89 -86 -42 63 -15 34 -100 -70 -3 37 34 99 12 -70 -48 -65 16 -9 98 40 88 99 57 61 69 -3 82 72 -34 -89 -87
56 -84 7 95 -53 -88 34 -10 52 52 39 66 27 -74 100 47 -50 93 27 11 -17 -28 49 4 27 -88 -62 79 76 0 -63 67 -80 -48 -76 40 83 -10 53 -1 27 15 -82 -73 11 -43 -61 39 -24 92 74 27 15 -36 -92 -56 -98 16 -9 6 34 -35 -59 42 -34 -8 -7 48 -66 -15 20 43 95 -70 31 -36 -24 -94 -58 -48 99 39 -94 -25 -79 41 -54 60 -13 -30 20 63 38 -100 79 36 24 9 -35 -64
98 62 -67 -29 88 62 -93 -83 -73 -59 -90 97 -14 12 89 -88 -25 -34 -31 37 38 49 98 37 75 72 64 42 -66 -43 60 66 9 73 -61 -8 -18 -40 82 11 98 -75 -13 66 -29 26 70 -28 90 47 38 -48 13 75 45 70 -51 69 0 95 7 -29 -74 36 24 -16 -52 -1 21 24 29 29 3 47 -9 -18 -30 -69 -8 93 44 -29 9 -35 -94 63 -75 -53 -7 -8 -61 56 -54 3 42 -94 30 62 -69 -79
92 53 -80 72 -25 -62 58 -94 -24 -2 3 -84 5 -28 0 -47 28 80 38 81 -8 -52 -64 67 -79 -44 55 11 94 85 27 64 -1 -56 -36 30 -66 -16 61 12 -1 16 95 32 60 -75 59 -41 94 -87 -91 9 -53 35 72 -61 -94 8 87 77 86 77 29 -37 -62 81 91 7 70 -75 14 21 57 -34 -57 25 84 52 65 -30 6 67 92 -68 -10 -61 92 15 -96 -64 32 87 22 79 16 23 -39 -57 -83 -69
35 75 -25 91 47 65 35 98 -12 -1 73 -55 -32 89 63 -17 45 89 -83 -96 -84 10 -25 -53 -60 -30 -60 47 68 52 -91 41 31 94 -81 -97 -63 80 -59 -65 -81 -67 -15 -15 -69 5 22 70 -17 40 29 -84 78 -32 9 -24 36 7 15 -14 -55 -47 -89 -22 64 71 10 -49 17 34 -10 90 -43 -16 90 22 -1 -71 73 -72 14 -72 -28 -16 -24 80 -15 -87 -50 50 -30 0 -73 -3 -9 -84 1 14 86 -3
-76 40 23 -59 -21 -18 -15 70 -85 -18 8 -3 -73 -79 92 -39 -7 -32 12 -26 42 95 66 84 -99 -19 47 -80 72 2 68 16 16 96 27 20 65 -43 30 18 71 -35 39 -23 12 -64 43 35 63 97 -35 -4 55 48 28 -9 44 23 -15 -54 9 -3 -73 5 85 -91 -57 -65 -99 -21 56 -87 -56 -63 -84 -63 -80 55 85 -99 18 -62 -40 85 -82 -7 11 -6 23 14 -77 -60 -10 67 -84 12 96 -60 4 97
87 -49 -100 42 56 -60 6 -3 46 -32 17 41 15 -95 15 -87 -78 71 26 -2 79 -81 -17 15 -51 -59 -41 -28 -63 57 60 78 -71 77 3 60 94 82 77 -48 99 95 17 -31 34 -43 -60 81 3 -43 29 72 68 97 -23 64 -7 -14 11 79 92 81 78 -88 -23 -58 -18 -21 -46 33 -10 28 -83 -75 46 2 -65 -83 -55 -36 30 -3 15 -19 58 44 -59 -73 -76 -27 -42 -74 32 55 76 -74 55 15 6 10
50 -58 -93 91 -9 66 -99 6 88 80 -9 -9 70 -81 0 55 -8 -52 11 -27 -43 38 -56 -82 37 -8 -39 -86 87 -39 43 -94 40 -97 -75 -25 -95 -92 43 51 58 -23 12 48 96 -17 -44 47 -79 15 -94 93 2 -60 78 -28 -4 33 47 -70 -76 -91 53 -45 -47 -67 61 -39 -7 -98 -52 -73 93 -20 -71 68 -33 32 25 -88 -39 67 -18 -27 -56 -7 -38 -19 39 -14 16 -40 -52 48 -45 -77 -25 45 -39 13
-41 10 -92 57 -38 -82 -24 -28 27 -29 -31 -45 -73 91 -58 -55 -84 23 96 -90 -49 -91 -8 58 54 -6 -51 -62 -52 66 86 -16 67 -61 13 22 43 -77 -55 -26 -30 10 -61 84 52 -13 28 -64 67 -6 8 78 35 76 -20 25 15 -32 -67 19 -66 71 41 -20 83 -39 -29 -53 25 47 63 -67 56 1 51 -43 -69 -96 -2 -98 68 73 91 -97 -39 -33 15 -64 -78 80 42 80 -6 -19 -13 -74 30 -76 -67 66
80 -14 -33 -62 59 -2 20 15 20 -36 22 54 -8 -20 45 31 43 -6 51 39 -13 -12 -35 -23 4 60 26 -97 65 20 81 -20 58 -88 20 52 50 -33 46 -26 43 37 53 -18 92 -5 3 44 62 73 63 -79 24 -73 19 -98 82 40 -12 -21 35 -7 -15 -59 67 -26 42 -26 -30 51 -21 36 17 98 -6 -79 -12 98 89 -80 42 62 -18 66 -87 -36 9 7 38 -59 36 -48 -12 -100 -86 24 -71 -9 35 -73
